# produced by: python3 experiments/scripts/summarize_lorenz.py results/lorenz_ensemble   (run from the repository root on the stored results; numbers with more than 12 digits are shown in scientific notation)
32 initial conditions; reference d<z>/drho ~ 1.0 (arXiv:1611.00880 fig. 4), lambda_1 = 0.9056 at rho=28
  rho nus  nseg  T_seg      T | dJ/drho mean   +-sem     min     max | lambda_1
 26.0   1    50   0.50     25 |       1.0279  0.0020   0.996   1.056 |    0.863
 26.0   1    50   2.00    100 |       1.0238  0.0008   1.010   1.031 |    0.854
 26.0   1   200   2.00    400 |       1.0230  0.0004   1.018   1.026 |    0.854
 26.0   2    50   2.00    100 |       1.0236  0.0008   1.010   1.031 |    0.854
 28.0   1    50   0.50     25 |       1.0164  0.0022   0.986   1.054 |    0.905
 28.0   1    50   2.00    100 |       1.0169  0.0005   1.007   1.023 |    0.899
 28.0   1   200   2.00    400 |       1.0173  0.0002   1.015   1.019 |    0.905
 28.0   2    50   2.00    100 |       1.0166  0.0005   1.007   1.023 |    0.899
 30.0   1    50   0.50     25 |       1.0147  0.0012   1.000   1.035 |    0.954
 30.0   1    50   2.00    100 |       1.0128  0.0005   1.007   1.018 |    0.955
 30.0   1   200   2.00    400 |       1.0128  0.0002   1.011   1.016 |    0.953
 30.0   2    50   2.00    100 |       1.0126  0.0005   1.007   1.018 |    0.955
 35.0   1    50   0.50     25 |       1.0025  0.0015   0.985   1.018 |    1.036
 35.0   1    50   2.00    100 |       1.0022  0.0008   0.981   1.008 |    1.053
 35.0   1   200   2.00    400 |       0.7138  0.2889  -8.242   1.037 |    1.049
 35.0   2    50   2.00    100 |       1.0021  0.0008   0.981   1.009 |    1.053
 40.0   1    50   0.50     25 |       0.9800  0.0104   0.669   1.009 |    1.143
 40.0   1    50   2.00    100 |       1.0026  0.0080   0.953   1.206 |    1.139
 40.0   1   200   2.00    400 |       0.9875  0.0095   0.794   1.074 |    1.140
 40.0   2    50   2.00    100 |       1.0025  0.0080   0.953   1.206 |    1.139
